21.0 67.0 163
21.0 67.0 164
21.0 67.0 164
21.0 67.0 164
21.0 67.0 165
21.0 67.0 163
21.0 67.0 164
21.0 67.0 162
21.0 67.0 163
21.0 67.0 164
21.0 67.0 163
21.0 67.0 164
21.0 67.0 164
21.0 67.0 164
21.0 67.0 164
21.0 67.0 162
21.0 67.0 165
21.0 67.0 165
21.0 67.0 162
21.0 67.0 163
21.0 67.0 162
21.0 67.0 165
21.0 67.0 164
21.0 67.0 163
21.0 67.0 165
21.1 67.0 139
21.1 67.0 138
20.3 68.0 133
21.1 70.0 134
21.1 71.0 125
21.1 71.0 129
21.1 71.0 102
21.1 71.0 106
21.1 71.0 138
21.1 71.0 138
21.1 71.0 135
21.1 71.0 123
21.1 71.0 115
22.1 77.0 111
22.1 77.0 106
22.1 77.0 87
22.1 78.0 83
23.0 79.0 92
23.0 79.0 148
23.0 79.0 147
23.0 80.0 118
23.0 80.0 149
23.0 80.0 152
23.0 80.0 156
23.0 80.0 145
23.0 80.0 163
23.0 80.0 164
23.0 81.0 162
23.0 81.0 164
23.0 81.0 164
23.0 81.0 165
23.0 81.0 163
23.0 81.0 163
23.0 81.0 165
23.0 81.0 164
23.0 81.0 165
23.0 81.0 164
23.0 81.0 165
23.0 81.0 163
23.0 81.0 164
23.0 81.0 163
23.0 81.0 162
23.0 81.0 163
23.0 81.0 162
23.0 81.0 163
23.0 81.0 163
23.0 81.0 166
23.0 81.0 164
23.0 81.0 162
23.0 81.0 169
23.0 81.0 168
23.0 81.0 172
23.0 81.0 170
23.0 81.0 170
23.0 81.0 170
23.0 81.0 170
23.0 81.0 172
23.0 81.0 170
23.0 81.0 171
23.0 81.0 170
23.0 81.0 172
23.0 81.0 170
23.0 81.0 171
23.0 81.0 171
23.0 81.0 169
23.0 81.0 172
23.0 81.0 170
23.0 81.0 172
23.0 81.0 170
23.0 81.0 171
23.0 81.0 169
23.0 81.0 171
23.0 81.0 170
23.0 81.0 171
23.0 81.0 171
23.0 81.0 170
23.0 81.0 171
23.0 81.0 170
23.0 81.0 170
23.0 81.0 169
23.0 81.0 170
23.0 81.0 171
23.0 81.0 170
23.0 81.0 172
23.0 81.0 169
23.0 81.0 171
23.0 81.0 170
23.0 81.0 170
23.0 81.0 171
23.0 81.0 169
23.0 81.0 172
23.0 81.0 169
23.0 81.0 171
23.0 81.0 169
23.0 81.0 172
23.0 81.0 170
23.0 81.0 171
23.0 81.0 171
23.0 81.0 169
23.0 81.0 172
23.0 81.0 170
23.0 81.0 171
23.0 81.0 171
23.0 81.0 171
23.0 81.0 170
23.0 81.0 170
23.0 81.0 171
23.0 81.0 169
23.0 81.0 172
23.0 81.0 170
23.0 81.0 170
23.0 81.0 170
23.0 81.0 170
23.0 81.0 171
23.0 81.0 169
23.0 81.0 172
23.0 81.0 169
23.0 81.0 170
23.0 81.0 171
23.0 81.0 170
23.0 81.0 171
23.0 81.0 169
23.0 81.0 170
23.0 81.0 170
23.0 81.0 169
23.0 81.0 172
23.0 81.0 169
23.0 81.0 171
23.0 81.0 171
23.0 81.0 170
23.0 81.0 171
23.0 81.0 171
23.0 81.0 170
23.0 81.0 171
23.0 81.0 170
23.0 81.0 171
23.0 81.0 170
23.0 81.0 170
23.0 81.0 172
23.0 81.0 170
23.0 81.0 170
23.0 81.0 170
23.0 81.0 170
23.0 81.0 171
23.0 81.0 171
23.0 81.0 170
23.0 81.0 171
23.0 81.0 170
23.0 81.0 170
23.0 81.0 171
23.0 80.0 170
23.0 80.0 171
23.0 80.0 171
23.0 80.0 169
23.0 80.0 172
23.0 80.0 170
23.0 80.0 170
23.0 80.0 172
23.0 80.0 169
23.0 80.0 170
23.0 80.0 172
23.0 80.0 169
23.0 80.0 170
23.0 80.0 171
23.0 80.0 170
23.0 80.0 170
23.0 80.0 171
23.0 80.0 169
23.0 80.0 171
23.0 80.0 171
23.0 80.0 170
23.0 80.0 171
23.0 80.0 169
23.0 80.0 170
23.0 80.0 172
23.0 80.0 169
23.0 79.0 171
23.0 79.0 171
23.0 79.0 169
23.0 79.0 171
23.0 79.0 170
23.0 79.0 171
23.0 79.0 172
23.0 79.0 170
23.0 79.0 171
23.0 79.0 172
23.0 79.0 169
23.0 79.0 171
23.0 79.0 170
23.0 79.0 169
23.0 79.0 172
23.0 79.0 170
23.0 79.0 171
23.0 79.0 171
23.0 78.0 169
23.0 78.0 172
23.0 78.0 171
23.0 78.0 170
23.0 78.0 171
23.0 78.0 171
23.0 78.0 169
23.0 78.0 171
23.0 78.0 170
23.0 78.0 171
23.0 78.0 171
23.0 78.0 169
23.0 78.0 171
23.0 78.0 170
23.0 78.0 169
23.0 78.0 172
23.0 78.0 170
23.0 77.0 170
23.0 77.0 171
23.0 77.0 169
23.0 77.0 171
23.0 77.0 171
23.0 77.0 171
23.0 77.0 171
23.0 77.0 170
23.0 77.0 172
23.0 77.0 169
23.0 77.0 171
23.0 77.0 170
23.0 77.0 170
23.0 77.0 172
22.1 77.0 170
22.1 77.0 172
22.1 77.0 170
22.1 77.0 171
22.1 77.0 172
22.1 77.0 170
22.1 77.0 172
22.1 77.0 170
22.1 77.0 171
22.1 77.0 171
22.1 77.0 170
22.1 77.0 172
22.1 77.0 169
22.1 77.0 171
22.1 77.0 170
22.1 76.0 171
22.1 76.0 170
22.1 76.0 171
22.1 76.0 170
22.1 76.0 169
22.1 76.0 171
22.1 76.0 169
22.1 76.0 171
22.1 76.0 170
22.1 76.0 170
22.1 76.0 170
22.1 76.0 170
22.1 76.0 171
22.1 75.0 169
22.1 75.0 173
22.1 75.0 170
22.1 75.0 171
22.1 75.0 170
22.1 75.0 170
22.1 75.0 172
22.1 75.0 170
22.1 75.0 172
22.1 75.0 170
22.1 75.0 170
22.1 75.0 171
22.1 74.0 170
22.1 74.0 171
22.1 74.0 169
22.1 74.0 171
22.1 74.0 170
22.1 74.0 170
22.1 74.0 172
22.1 74.0 169
22.1 74.0 171
22.1 74.0 170
22.1 74.0 170
22.1 73.0 171
22.1 73.0 169
22.1 73.0 171
22.1 73.0 170
22.1 73.0 170
22.1 73.0 171
22.1 73.0 169
22.1 73.0 171
22.1 73.0 170
22.1 73.0 169
22.1 73.0 171
22.1 73.0 169
22.1 73.0 170
22.1 73.0 170
22.1 73.0 169
22.1 73.0 170
22.1 73.0 170
22.1 73.0 169
22.1 73.0 171
22.1 73.0 169
22.1 73.0 170
22.1 73.0 171
22.1 73.0 169
22.1 73.0 172
22.1 73.0 170
22.1 73.0 170
22.1 73.0 172
22.1 73.0 170
22.1 73.0 170
22.1 73.0 170
22.1 73.0 170
22.1 73.0 171
22.1 72.0 171
22.1 72.0 169
22.1 72.0 171
22.1 72.0 169
22.1 72.0 171
22.1 72.0 171
22.1 72.0 169
22.1 72.0 171
22.1 72.0 170
22.1 72.0 169
22.1 72.0 172
22.1 72.0 169
22.1 72.0 169
22.1 72.0 171
22.1 72.0 170
22.1 72.0 170
22.1 72.0 172
22.1 72.0 169
22.1 71.0 171
22.1 71.0 171
22.1 71.0 168
22.1 71.0 170
22.1 71.0 170
22.1 71.0 171
22.1 71.0 171
22.1 71.0 170
22.1 71.0 171
22.1 71.0 172
22.1 71.0 169
22.1 71.0 170
22.1 71.0 170
22.1 71.0 169
22.1 71.0 170
22.1 71.0 169
22.1 71.0 170
22.1 71.0 172
22.1 71.0 168
22.1 70.0 171
22.1 70.0 171
22.1 70.0 169
22.1 70.0 171
22.1 70.0 170
22.1 70.0 170
22.1 70.0 171
22.1 70.0 169
22.1 70.0 171
22.1 70.0 172
22.1 70.0 170
22.1 70.0 171
22.1 70.0 170
22.1 70.0 170
22.1 70.0 172
22.1 70.0 170
22.1 70.0 171
22.1 70.0 170
22.1 69.0 169
22.1 69.0 171
22.1 69.0 170
22.1 69.0 170
22.1 69.0 172
22.1 69.0 170
22.1 69.0 170
22.1 69.0 171
22.1 69.0 170
22.1 69.0 171
22.1 69.0 170
22.1 69.0 168
22.1 69.0 171
22.1 69.0 169
22.1 69.0 171
22.1 69.0 171
22.1 69.0 169
22.1 69.0 170
22.1 69.0 170
22.0 69.0 169
22.0 69.0 171
22.0 69.0 169
22.0 69.0 172
22.0 69.0 170
22.0 69.0 170
22.0 69.0 171
22.0 69.0 170
22.0 69.0 170
22.0 69.0 170
22.0 69.0 169
22.0 69.0 171
22.0 69.0 170
22.0 69.0 171
22.0 69.0 171
22.0 69.0 169
22.0 69.0 172
22.0 69.0 170
22.0 69.0 172
22.0 68.0 170
22.0 68.0 170
22.0 68.0 171
22.0 68.0 169
22.0 68.0 170
22.0 68.0 170
22.0 68.0 170
22.0 68.0 171
22.0 68.0 169
22.0 68.0 172
22.0 68.0 170
22.0 68.0 172
22.0 68.0 170
22.0 68.0 170
22.0 68.0 171
22.0 68.0 169
22.0 68.0 171
22.0 68.0 170
22.0 68.0 170
22.0 68.0 170
22.0 68.0 170
22.0 68.0 172
22.0 67.0 170
22.0 67.0 172
22.0 67.0 170
22.0 67.0 171
22.0 67.0 169
22.0 67.0 170
22.0 67.0 171
22.0 67.0 169
22.0 67.0 171
22.0 67.0 168
22.0 67.0 171
22.0 67.0 169
22.0 67.0 170
22.0 67.0 171
22.0 67.0 169
22.0 67.0 172
22.0 67.0 170
22.0 67.0 171
22.0 67.0 169
22.0 67.0 170
22.0 67.0 171
22.0 66.0 170
22.0 66.0 172
22.0 66.0 171
22.0 66.0 170
22.0 66.0 171
22.0 66.0 170
22.0 66.0 172
22.0 66.0 169
22.0 66.0 172
22.0 66.0 170
22.0 66.0 169
22.0 66.0 171
22.0 66.0 170
22.0 66.0 172
22.0 66.0 170
22.0 66.0 170
22.0 66.0 172
22.0 66.0 170
22.0 66.0 171
22.0 66.0 170
22.0 66.0 172
22.0 66.0 170
22.0 66.0 169
22.0 66.0 172
22.0 66.0 170
22.0 66.0 171
22.0 65.0 170
22.0 65.0 169
22.0 65.0 171
22.0 65.0 169
22.0 65.0 172
22.0 65.0 170
22.0 65.0 170
22.0 65.0 171
22.0 65.0 169
22.0 65.0 172
22.0 65.0 169
22.0 65.0 170
22.0 65.0 171
22.0 65.0 170
22.0 65.0 172
22.0 65.0 169
22.0 65.0 171
22.0 65.0 171
22.0 65.0 169
22.0 65.0 172
22.0 65.0 169
22.0 65.0 171
22.0 65.0 169
22.0 65.0 170
22.0 65.0 171
22.0 65.0 169
22.0 65.0 171
22.0 65.0 170
22.0 65.0 170
22.0 65.0 171
22.0 64.0 170
22.0 64.0 171
22.0 64.0 169
22.0 64.0 170
22.0 64.0 170
22.0 64.0 169
22.0 64.0 171
22.0 64.0 170
22.0 64.0 171
22.0 64.0 170
22.0 64.0 170
22.0 64.0 172
22.0 64.0 169
22.0 64.0 171
22.0 64.0 170
22.0 64.0 170
22.0 64.0 171
22.0 64.0 169
22.0 64.0 172
22.0 64.0 170
22.0 64.0 170
22.0 64.0 170
22.0 64.0 170
22.0 64.0 171
22.0 64.0 169
22.0 64.0 172
22.0 64.0 169
22.0 64.0 171
22.0 64.0 169
22.0 64.0 170
22.0 64.0 171
22.0 64.0 170
22.0 64.0 171
22.0 64.0 170
22.0 64.0 172
22.0 64.0 170
22.0 64.0 172
22.0 64.0 170
22.0 64.0 169
22.0 64.0 170
22.0 64.0 169
22.0 64.0 172
22.0 64.0 169
22.0 64.0 171
22.0 64.0 170
22.0 64.0 170
22.0 64.0 171
22.0 64.0 169
22.0 64.0 171
22.0 64.0 169
22.0 64.0 171
22.0 64.0 170
22.0 64.0 170
22.0 64.0 170
22.0 64.0 171
22.0 64.0 171
22.0 64.0 170
22.0 64.0 171
22.0 64.0 169
22.0 64.0 171
22.0 64.0 170
22.0 64.0 169
22.0 64.0 172
22.0 64.0 168
22.0 64.0 171
22.0 64.0 170
22.0 64.0 171
22.0 64.0 171
22.0 64.0 169
22.0 64.0 171
22.0 64.0 170
22.0 64.0 170
22.0 64.0 171
22.0 64.0 170
22.0 64.0 172
22.0 64.0 171
22.0 64.0 170
22.0 64.0 170
22.0 64.0 170
22.0 63.0 171
22.0 63.0 169
22.0 63.0 171
22.0 63.0 169
22.0 63.0 169
22.0 63.0 171
22.0 63.0 170
22.0 63.0 170
22.0 63.0 170
22.0 63.0 170
22.0 63.0 171
22.0 63.0 170
22.0 63.0 170
22.0 63.0 171
22.0 63.0 169
22.0 63.0 170
22.0 63.0 171
22.0 63.0 169
22.0 63.0 171
22.0 63.0 170
22.0 63.0 170
22.0 63.0 172
22.0 63.0 169
22.0 63.0 170
22.0 63.0 170
22.0 63.0 168
22.0 63.0 171
22.0 63.0 170
22.0 63.0 170
22.0 63.0 172
22.0 63.0 170
22.0 63.0 169
22.0 63.0 171
22.0 63.0 170
22.0 63.0 171
22.0 63.0 172
22.0 63.0 169
22.0 63.0 170
22.0 63.0 171
22.0 63.0 169
22.0 63.0 171
22.0 63.0 170
22.0 63.0 170
22.0 63.0 172
22.0 63.0 169
22.0 63.0 170
22.0 63.0 171
22.0 63.0 170
22.0 63.0 171
22.0 63.0 171
22.0 63.0 169
22.0 63.0 171
22.0 63.0 170
22.0 63.0 170
22.0 63.0 171
22.0 63.0 170
22.0 63.0 169
22.0 63.0 171
22.0 63.0 170
22.0 63.0 170
22.0 63.0 172
22.0 63.0 169
22.0 63.0 171
22.0 63.0 170
22.0 63.0 169
22.0 63.0 171
22.0 63.0 169
22.0 63.0 169
22.0 63.0 171
22.0 63.0 169
22.0 63.0 170
22.0 63.0 172
22.0 63.0 169
22.0 63.0 171
22.0 63.0 170
22.0 63.0 169
22.0 63.0 171
22.0 63.0 169
22.0 63.0 170
22.0 63.0 172
22.0 63.0 170
22.0 63.0 170
22.0 63.0 171
22.0 63.0 169
22.0 63.0 171
22.0 63.0 169
22.0 63.0 169
22.0 63.0 170
22.0 63.0 170
22.0 63.0 170
22.0 63.0 169
22.0 63.0 170
22.0 63.0 172
22.0 63.0 169
22.0 63.0 170
22.0 63.0 170
22.0 63.0 169
22.0 63.0 172
22.0 63.0 169
22.0 63.0 171
22.0 63.0 171
22.0 63.0 170
22.0 63.0 171
22.0 63.0 170
22.0 63.0 170
22.0 63.0 170
22.0 63.0 171
22.0 63.0 172
22.0 63.0 169
22.0 63.0 171
22.0 63.0 170
22.0 63.0 171
22.0 63.0 172
22.0 63.0 170
22.0 63.0 172
22.0 63.0 169
22.0 63.0 170
22.0 63.0 171
22.0 63.0 169
22.0 63.0 172
22.0 63.0 170
22.0 63.0 171
22.0 63.0 169
22.0 63.0 170
22.0 63.0 170
22.0 63.0 170
22.0 63.0 171
22.0 63.0 170
22.0 63.0 171
22.0 63.0 169
22.0 63.0 171
22.0 63.0 169
22.0 63.0 170
22.0 63.0 170
22.0 63.0 170
22.0 63.0 171
22.0 63.0 169
22.0 63.0 172
22.0 63.0 169
22.0 63.0 170
22.0 63.0 169
22.0 63.0 170
22.0 63.0 172
22.0 63.0 169
22.0 63.0 171
22.0 63.0 169
22.0 63.0 171
22.0 63.0 169
22.0 63.0 171
22.0 63.0 170
22.0 63.0 169
22.0 63.0 171
22.0 63.0 169
22.0 63.0 171
22.0 63.0 170
22.0 63.0 171
22.0 63.0 170
22.0 63.0 170
22.0 63.0 172
22.0 63.0 169
22.0 63.0 171
22.0 63.0 169
22.0 63.0 171
22.0 63.0 171
22.0 63.0 171
22.0 63.0 170
22.0 63.0 169
22.0 63.0 171
22.0 63.0 170
22.0 63.0 171
22.0 63.0 170
22.0 63.0 170
22.0 63.0 170
22.0 63.0 170
22.0 63.0 171
22.0 63.0 169
22.0 63.0 171
22.0 63.0 169
22.0 63.0 171
22.0 63.0 170
22.0 63.0 169
22.0 63.0 171
22.0 63.0 169
22.0 63.0 172
22.0 63.0 170
22.0 63.0 171
22.0 63.0 170
22.0 63.0 169
22.0 63.0 172
22.0 63.0 169
22.0 63.0 171
22.0 63.0 170
22.0 63.0 171
22.0 63.0 171
22.0 63.0 169
22.0 63.0 170
22.0 63.0 170
22.0 63.0 170
22.0 63.0 170
22.0 63.0 170
22.0 63.0 171
22.0 63.0 168
22.0 63.0 170
22.0 63.0 169
22.0 63.0 171
22.0 63.0 170
22.0 63.0 170
22.0 63.0 172
22.0 63.0 169
22.0 63.0 172
22.0 63.0 170
22.0 63.0 170
22.0 63.0 172
22.0 63.0 170
22.0 63.0 172
22.0 63.0 169
22.0 63.0 171
22.0 63.0 171
22.0 63.0 170
22.0 63.0 171
22.0 63.0 170
22.0 63.0 172
22.0 63.0 169
22.0 63.0 172
22.0 63.0 170
22.0 63.0 171
22.0 63.0 170
22.0 63.0 169
22.0 63.0 172
22.0 63.0 169
22.0 63.0 172
22.0 63.0 169
22.0 63.0 171
22.0 63.0 170
22.0 63.0 170
22.0 63.0 171
22.0 63.0 168
22.0 63.0 172
22.0 63.0 170
22.0 63.0 170
22.0 63.0 170
22.0 63.0 171
22.0 63.0 170
22.0 63.0 169
22.0 63.0 171
22.0 63.0 169
22.0 63.0 171
22.0 63.0 169
22.0 62.0 170
22.0 63.0 169
22.0 62.0 170
22.0 62.0 171
22.0 62.0 169
22.0 62.0 171
22.0 62.0 170
22.0 62.0 171
22.0 62.0 171
22.0 62.0 171
22.0 62.0 170
22.0 62.0 170
22.0 62.0 172
22.0 62.0 170
22.0 62.0 172
22.0 62.0 170
22.0 62.0 171
22.0 62.0 170
22.0 62.0 170
22.0 62.0 170
22.0 62.0 170
22.0 62.0 171
22.0 62.0 169
22.0 62.0 171
22.0 62.0 170
22.0 62.0 171
22.0 62.0 170
22.0 62.0 171
22.0 62.0 170
22.0 62.0 169
22.0 62.0 172
22.0 62.0 170
22.0 62.0 172
22.0 62.0 170
22.0 62.0 171
22.0 62.0 171
22.0 62.0 171
22.0 62.0 171
22.0 62.0 169
22.0 62.0 172
22.0 62.0 169
22.0 62.0 171
22.0 62.0 170
22.0 62.0 172
22.0 62.0 170
22.0 62.0 169
22.0 62.0 171
22.0 62.0 169
22.0 62.0 172
22.0 62.0 169
22.0 62.0 171
22.0 62.0 170
22.0 62.0 171
22.0 62.0 170
22.0 62.0 169
22.0 62.0 172
22.0 62.0 169
22.0 62.0 171
22.0 62.0 170
22.0 62.0 170
22.0 62.0 169
22.0 62.0 171
22.0 62.0 172
22.0 62.0 169
22.0 62.0 172
22.0 62.0 169
22.0 62.0 171
22.0 62.0 169
22.0 62.0 171
22.0 62.0 171
22.0 62.0 169
22.0 62.0 172
22.0 62.0 170
22.0 62.0 171
22.0 62.0 170
22.0 62.0 172
22.0 62.0 170
22.0 62.0 169
22.0 62.0 171
22.0 62.0 169
22.0 62.0 172
22.0 62.0 170
22.0 62.0 171
22.0 62.0 169
22.0 62.0 170
22.0 62.0 171
22.0 62.0 169
22.0 62.0 171
22.0 62.0 170
22.0 62.0 171
22.0 62.0 170
22.0 62.0 171
22.0 62.0 170
22.0 62.0 171
22.0 62.0 170
22.0 62.0 169
22.0 62.0 173
22.0 62.0 169
22.0 62.0 172
22.0 62.0 169
22.0 62.0 171
22.0 62.0 171
22.0 62.0 170
22.0 62.0 170
22.0 62.0 169
22.0 62.0 171
22.0 62.0 169
22.0 62.0 171
22.0 62.0 170
22.0 62.0 170
22.0 62.0 170
22.0 62.0 170
22.0 62.0 172
22.0 62.0 170
22.0 62.0 171
22.0 62.0 170
22.0 62.0 172
22.0 62.0 171
22.0 62.0 171
22.0 62.0 171
22.0 62.0 170
22.0 62.0 172
22.0 62.0 169
22.0 62.0 171
22.0 62.0 169
22.0 62.0 170
22.0 62.0 170
22.0 62.0 170
22.0 62.0 173
22.0 62.0 169
22.0 62.0 172
22.0 62.0 169
22.0 62.0 171
22.0 62.0 170
22.0 62.0 170
22.0 62.0 170
22.0 62.0 170
22.0 62.0 171
22.0 62.0 169
22.0 62.0 171
22.0 62.0 170
22.0 62.0 171
22.0 62.0 171
22.0 62.0 169
22.0 62.0 172
22.0 62.0 170
22.0 62.0 172
22.0 62.0 169
22.0 62.0 171
22.0 62.0 170
22.0 62.0 171
22.0 62.0 171
22.0 62.0 170
22.0 62.0 171
22.0 62.0 170
22.0 62.0 172
22.0 62.0 170
22.0 62.0 170
22.0 62.0 169
22.0 62.0 169
22.0 62.0 172
22.0 62.0 169
22.0 62.0 171
22.0 62.0 169
22.0 62.0 171
22.0 62.0 171
22.0 62.0 170
22.0 62.0 172
22.0 62.0 170
22.0 62.0 172
22.0 62.0 170
22.0 62.0 171
22.0 62.0 170
22.0 62.0 171
22.0 62.0 170
22.0 62.0 171
22.0 62.0 171
22.0 62.0 170
22.0 62.0 172
22.0 62.0 170
22.0 62.0 171
22.0 62.0 169
22.0 62.0 171
22.0 62.0 170
22.0 62.0 170
22.0 62.0 172
22.0 62.0 170
22.0 62.0 172
22.0 62.0 169
22.0 62.0 171
22.0 62.0 170
22.0 62.0 169
22.0 62.0 171
22.0 62.0 169
22.0 62.0 171
22.0 62.0 169
22.0 62.0 172
22.0 62.0 170
22.0 62.0 171
22.0 62.0 172
22.0 62.0 169
22.0 62.0 171
22.0 62.0 170
22.0 62.0 172
22.0 62.0 169
22.0 62.0 170
22.0 62.0 170
22.0 62.0 169
22.0 62.0 171
22.0 62.0 170
22.0 62.0 171
22.0 62.0 170
22.0 62.0 170
22.0 62.0 171
22.0 62.0 170
22.0 62.0 171
22.0 62.0 170
22.0 62.0 172
22.0 62.0 169
22.0 62.0 172
22.0 62.0 170
22.0 62.0 170
22.0 62.0 172
22.0 62.0 169
22.0 62.0 172
22.0 62.0 169
22.0 62.0 172
22.0 62.0 169
22.0 62.0 171
22.0 62.0 170
22.0 62.0 170
22.0 62.0 171
22.0 62.0 169
22.0 62.0 172
22.0 62.0 169
22.0 62.0 172
22.0 62.0 170
22.0 62.0 172
22.0 62.0 170
22.0 62.0 170
22.0 62.0 171
22.0 62.0 169
22.0 62.0 171
22.0 62.0 169
22.0 62.0 171
22.0 62.0 170
22.0 62.0 171
22.0 62.0 171
22.0 62.0 169
22.0 62.0 171
22.0 62.0 169
22.0 62.0 172
22.0 62.0 169
22.0 62.0 172
22.0 62.0 170
22.0 62.0 170
22.0 63.0 170
22.0 62.0 170
22.0 63.0 172
22.0 63.0 169
22.0 62.0 172
22.0 62.0 170
22.0 62.0 171
22.0 62.0 171
22.0 63.0 170
22.0 63.0 171
22.0 62.0 170
22.0 63.0 172
22.0 63.0 169
22.0 63.0 171
22.0 63.0 170
22.0 63.0 171
22.0 63.0 171
22.0 63.0 169
22.0 63.0 170
22.0 63.0 169
22.0 63.0 171
22.0 63.0 169
22.0 63.0 171
22.0 63.0 169
22.0 63.0 171
22.0 63.0 171
22.0 63.0 169
22.0 63.0 171
22.0 63.0 169
22.0 63.0 171
22.0 63.0 169
22.0 63.0 171
22.0 63.0 170
22.0 63.0 171
22.0 63.0 170
22.0 63.0 170
22.0 63.0 171
22.0 63.0 169
22.0 63.0 171
22.0 63.0 170
22.0 63.0 171
22.0 63.0 170
22.0 63.0 170
22.0 63.0 170
22.0 63.0 169
22.0 63.0 171
22.0 63.0 168
22.0 63.0 171
22.0 63.0 170
22.0 63.0 171
22.0 63.0 171
22.0 63.0 170
22.0 63.0 171
22.0 63.0 169
22.0 63.0 171
22.0 63.0 169
22.0 63.0 171
22.0 63.0 171
22.0 63.0 171
22.0 63.0 171
22.0 63.0 169
22.0 63.0 170
22.0 63.0 169
22.0 63.0 172
22.0 63.0 169
22.0 63.0 171
22.0 63.0 170
22.0 63.0 170
22.0 63.0 170
22.0 63.0 170
22.0 63.0 172
22.0 63.0 170
22.0 63.0 170
22.0 63.0 170
22.0 63.0 171
22.0 63.0 170
22.0 63.0 171
22.0 63.0 170
22.0 63.0 169
22.0 63.0 171
22.0 63.0 169
22.0 63.0 171
22.0 63.0 169
22.0 63.0 170
22.0 63.0 171
22.0 63.0 171
22.0 63.0 172
22.0 63.0 170
22.0 63.0 171
22.0 63.0 168
22.0 63.0 171
22.0 63.0 170
22.0 63.0 170
22.0 63.0 171
22.0 63.0 169
22.0 63.0 171
22.0 63.0 169
22.0 63.0 171
22.0 63.0 169
22.0 63.0 171
22.0 63.0 170
22.0 63.0 171
22.0 63.0 171
22.0 63.0 169
22.0 63.0 171
22.0 63.0 169
22.0 63.0 171
22.0 63.0 169
22.0 63.0 171
22.0 63.0 170
22.0 63.0 169
22.0 63.0 171
22.0 63.0 169
22.0 63.0 172
22.0 63.0 169
22.0 63.0 170
22.0 63.0 170
22.0 63.0 169
22.0 63.0 172
22.0 63.0 169
22.0 63.0 171
22.0 63.0 171
22.0 63.0 170
22.0 63.0 170
22.0 63.0 170
22.0 63.0 171
22.0 63.0 169
22.0 63.0 171
22.0 63.0 170
22.0 63.0 171
22.0 63.0 170
22.0 63.0 171
22.0 63.0 171
22.0 63.0 169
22.0 63.0 171
22.0 63.0 168
22.0 63.0 171
22.0 63.0 169
22.0 63.0 170
22.0 63.0 171
22.0 63.0 170
22.0 63.0 172
22.0 63.0 170
22.0 63.0 172
22.0 63.0 170
22.0 63.0 172
22.0 63.0 170
22.0 63.0 170
22.0 63.0 170
22.0 63.0 169
22.0 63.0 172
22.0 63.0 170
22.0 63.0 171
22.0 63.0 170
22.0 63.0 171
22.0 63.0 171
22.0 63.0 169
22.0 63.0 171
22.0 63.0 170
22.0 62.0 172
22.0 63.0 170
22.0 62.0 171
22.0 62.0 170
22.0 62.0 170
22.0 62.0 171
22.0 62.0 170
22.0 62.0 171
22.0 62.0 169
22.0 62.0 171
22.0 62.0 170
22.0 62.0 170
22.0 62.0 170
22.0 62.0 171
22.0 62.0 172
22.0 62.0 169
22.0 62.0 172
22.0 62.0 170
22.0 62.0 171
22.0 62.0 171
22.0 62.0 170
22.0 62.0 171
22.0 62.0 169
22.0 62.0 171
22.0 62.0 169
22.0 62.0 172
22.0 62.0 170
22.0 62.0 171
22.0 62.0 171
22.0 62.0 170
22.0 62.0 171
22.0 62.0 169
22.0 62.0 171
22.0 62.0 170
22.0 62.0 172
22.0 62.0 170
22.0 62.0 170
22.0 62.0 171
22.0 62.0 170
22.0 62.0 172
22.0 62.0 169
22.0 62.0 172
22.0 62.0 170
22.0 62.0 170
22.0 62.0 171
22.0 62.0 170
22.0 62.0 171
22.0 62.0 170
22.0 62.0 172
22.0 62.0 170
22.0 62.0 171
22.0 62.0 171
22.0 62.0 171
22.0 62.0 172
22.0 62.0 170
22.0 62.0 171
22.0 62.0 170
22.0 62.0 171
22.0 62.0 169
22.0 62.0 171
22.0 62.0 170
22.0 62.0 171
22.0 62.0 171
22.0 62.0 169
22.0 63.0 172
22.0 62.0 169
22.0 62.0 172
22.0 62.0 169
22.0 63.0 172
22.0 62.0 170
22.0 62.0 170
22.0 62.0 172
22.0 62.0 169
22.0 62.0 172
22.0 62.0 169
22.0 62.0 171
22.0 63.0 170
22.0 62.0 170
22.0 62.0 171
22.0 63.0 170
22.0 62.0 172
22.0 63.0 170
22.0 62.0 171
22.0 63.0 170
22.0 63.0 169
22.0 63.0 170
22.0 62.0 170
22.0 63.0 172
22.0 63.0 169
22.0 63.0 170
22.0 63.0 169
22.0 63.0 169
22.0 63.0 171
22.0 63.0 170
22.0 63.0 172
22.0 63.0 169
22.0 63.0 171
22.0 63.0 172
22.0 63.0 169
22.0 63.0 172
22.0 63.0 170
22.0 63.0 171
22.0 63.0 170
22.0 63.0 170
22.0 63.0 172
22.0 63.0 169
22.0 63.0 171
22.0 63.0 170
22.0 63.0 170
22.0 63.0 172
22.0 63.0 169
22.0 63.0 171
22.0 63.0 169
22.0 63.0 171
22.0 63.0 171
22.0 63.0 169
22.0 63.0 171
22.0 63.0 169
22.0 63.0 171
22.0 63.0 170
22.0 63.0 168
22.0 63.0 172
22.0 63.0 169
22.0 63.0 171
22.0 63.0 171
22.0 63.0 168
22.0 63.0 171
22.0 63.0 170
22.0 63.0 170
22.0 63.0 172
22.0 63.0 170
22.0 63.0 170
22.0 63.0 171
22.0 63.0 169
22.0 63.0 171
22.0 63.0 170
22.0 63.0 170
22.0 63.0 170
22.0 63.0 170
22.0 63.0 171
22.0 63.0 169
22.0 63.0 171
22.0 63.0 171
22.0 63.0 169
22.0 63.0 171
22.0 63.0 169
22.0 63.0 170
22.0 63.0 171
22.0 63.0 169
22.0 63.0 170
22.0 63.0 171
22.0 63.0 169
22.0 63.0 171
22.0 63.0 169
22.0 63.0 170
22.0 63.0 172
22.0 63.0 169
22.0 63.0 171
22.0 63.0 171
22.0 63.0 168
22.0 63.0 171
22.0 63.0 170
22.0 63.0 170
22.0 63.0 171
22.0 63.0 169
22.0 63.0 170
22.0 63.0 170
22.0 63.0 168
22.0 63.0 171
22.0 63.0 170
22.0 63.0 170
22.0 63.0 170
22.0 63.0 169
22.0 63.0 171
22.0 63.0 169
22.0 63.0 171
22.0 63.0 170
22.0 63.0 170
22.0 63.0 171
22.0 63.0 170
22.0 63.0 171
22.0 63.0 170
22.0 63.0 171
22.0 63.0 169
22.0 63.0 170
22.0 63.0 172
22.0 63.0 169
22.0 63.0 171
22.0 63.0 170
22.0 63.0 171
22.0 63.0 170
22.0 63.0 171
22.0 63.0 170
22.0 63.0 171
22.0 63.0 171
22.0 63.0 169
22.0 63.0 172
22.0 63.0 170
22.0 63.0 172
22.0 63.0 170
22.0 63.0 170
22.0 63.0 170
22.0 63.0 169
22.0 63.0 172
22.0 63.0 169
22.0 63.0 172
22.0 63.0 170
22.0 63.0 172
22.0 63.0 171
22.0 63.0 170
22.0 63.0 171
22.0 63.0 168
22.0 63.0 172
22.0 63.0 169
22.0 63.0 172
22.0 63.0 169
22.0 63.0 171
21.1 63.0 171
21.1 63.0 170
21.1 63.0 171
21.1 63.0 169
21.1 63.0 172
21.1 63.0 169
21.1 63.0 172
21.1 63.0 170
21.1 63.0 170
21.1 63.0 170
21.1 63.0 171
21.1 63.0 172
21.1 63.0 169
21.1 63.0 171
21.1 63.0 170
21.1 63.0 171
21.1 63.0 170
21.1 63.0 170
21.1 63.0 170
21.1 63.0 170
21.1 63.0 170
21.1 63.0 169
21.1 63.0 171
21.1 63.0 169
21.1 63.0 170
21.1 63.0 170
21.1 63.0 170
21.1 63.0 171
21.1 63.0 170
21.1 63.0 173
21.1 63.0 169
21.1 63.0 171
21.1 63.0 169
21.1 63.0 170
21.1 63.0 171
21.1 63.0 169
21.1 63.0 172
21.1 63.0 170
21.1 63.0 172
21.1 63.0 170
21.1 63.0 170
21.1 63.0 169
21.1 63.0 171
21.1 63.0 171
21.1 63.0 169
21.1 63.0 171
21.1 63.0 170
21.1 63.0 171
21.1 63.0 169
21.1 63.0 171
21.1 63.0 170
21.1 63.0 169
21.1 63.0 170
21.1 63.0 169
21.1 63.0 172
21.1 63.0 169
21.1 63.0 171
21.1 63.0 169
21.1 63.0 170
21.1 63.0 170
21.1 63.0 170
21.1 63.0 171
21.1 63.0 169
21.1 63.0 172
21.1 63.0 170
21.1 63.0 171
21.1 63.0 170
21.1 63.0 171
21.1 63.0 171
21.1 63.0 169
21.1 63.0 172
21.1 63.0 170
21.1 63.0 172
21.1 63.0 170
21.1 63.0 171
21.1 63.0 171
21.1 63.0 171
21.1 63.0 171
21.1 63.0 170
21.1 63.0 172
21.1 63.0 170
21.1 63.0 171
21.1 63.0 170
21.1 63.0 171
21.1 63.0 170
21.1 63.0 169
21.1 63.0 170
21.1 63.0 167
21.1 63.0 165
21.1 63.0 162
21.1 63.0 164
21.1 63.0 163
21.1 63.0 165
21.1 63.0 164
21.1 63.0 164
21.1 63.0 165
21.1 63.0 163
21.1 63.0 165
21.1 63.0 164
21.1 63.0 166
21.1 63.0 165
21.1 63.0 165
21.1 63.0 165
21.1 63.0 164
21.1 63.0 167
21.1 63.0 164
21.1 63.0 166
21.1 63.0 165
21.1 63.0 166
21.1 63.0 168
21.1 63.0 160
21.1 63.0 169
21.1 63.0 164
21.1 63.0 166
